{
  "advancedEditorSelectedIdentifier" : "ProjectBrowser",
  "openSceneRelativePaths" : [
    "Scene.usda"
  ],
  "recentIdentifiers" : {
    "D66134B1-3681-4A8E-AFE5-29F257229F3B" : [

    ]
  },
  "sceneCameraHistory" : {
    "D66134B1-3681-4A8E-AFE5-29F257229F3B" : [
      {
        "date" : 763390639.77808,
        "title" : "Untitled",
        "transform" : [
          0.94277835,
          -4.9428155e-09,
          -0.3334202,
          0,
          -0.14230205,
          0.9043487,
          -0.4023725,
          0,
          0.3015281,
          0.4267945,
          0.8526004,
          0,
          0.12150338,
          0.3286217,
          0.89201474,
          1
        ]
      },
      {
        "date" : 763390602.995601,
        "title" : "Untitled",
        "transform" : [
          0.799289,
          -3.205666e-09,
          -0.6009468,
          0,
          -0.17646989,
          0.9559122,
          -0.23471342,
          0,
          0.57445234,
          0.29365292,
          0.76405007,
          0,
          0.3918514,
          0.18549196,
          0.7538448,
          1
        ]
      },
      {
        "date" : 763390599.641123,
        "title" : "Untitled",
        "transform" : [
          0.017050046,
          -3.1728558e-09,
          -0.9998546,
          0,
          -0.17573617,
          0.98443276,
          -0.0029965725,
          0,
          0.98428965,
          0.17576176,
          0.016784634,
          0,
          0.8548328,
          0.08248537,
          0.15441546,
          1
        ]
      },
      {
        "date" : 763390553.569328,
        "title" : "Untitled",
        "transform" : [
          0.8767691,
          -3.3276137e-09,
          -0.4809115,
          0,
          -0.18107721,
          0.9264049,
          -0.33012882,
          0,
          0.44551876,
          0.37652895,
          0.8122432,
          0,
          0.41601086,
          0.2922893,
          1.1850665,
          1
        ]
      },
      {
        "date" : 763390489.021329,
        "title" : "Untitled",
        "transform" : [
          0.80608016,
          -3.0728664e-09,
          -0.59180623,
          0,
          -0.27294153,
          0.8872959,
          -0.3717646,
          0,
          0.5251072,
          0.46120068,
          0.7152317,
          0,
          0.5472393,
          0.4063507,
          1.0920557,
          1
        ]
      },
      {
        "date" : 763390456.117544,
        "title" : "Untitled",
        "transform" : [
          0.72366786,
          -3.9407624e-09,
          -0.6901483,
          0,
          -0.29711613,
          0.9025856,
          -0.31154644,
          0,
          0.62291795,
          0.43051046,
          0.6531723,
          0,
          0.692283,
          0.36481553,
          1.0231853,
          1
        ]
      },
      {
        "date" : 763390443.990066,
        "title" : "Untitled",
        "transform" : [
          0.77684176,
          -1.934e-09,
          -0.6296958,
          0,
          -0.3024882,
          0.87706494,
          -0.37317276,
          0,
          0.55228406,
          0.48037183,
          0.68134075,
          0,
          0.5927814,
          0.43241373,
          1.05712,
          1
        ]
      },
      {
        "date" : 763390427.648311,
        "title" : "Untitled",
        "transform" : [
          0.87388057,
          -1.6743895e-09,
          -0.48614064,
          0,
          -0.22599964,
          0.885371,
          -0.406254,
          0,
          0.4304147,
          0.46488512,
          0.7737086,
          0,
          0.40521547,
          0.41135257,
          1.1504419,
          1
        ]
      },
      {
        "date" : 763390282.347597,
        "title" : "Untitled",
        "transform" : [
          0.9360536,
          1.1192203e-09,
          -0.3518575,
          0,
          -0.12490034,
          0.9348762,
          -0.33227456,
          0,
          0.32894307,
          0.35497394,
          0.87509423,
          0,
          0.24640608,
          0.2635089,
          1.2386147,
          1
        ]
      },
      {
        "date" : 763351589.048041,
        "title" : "Untitled",
        "transform" : [
          0.9677126,
          -1.5752111e-09,
          -0.25205642,
          0,
          -0.12960286,
          0.8576814,
          -0.49757987,
          0,
          0.21618396,
          0.51418155,
          0.8299891,
          0,
          0.1175496,
          0.43712124,
          1.1708447,
          1
        ]
      }
    ]
  },
  "sceneViewportBackgroundColors" : {

  },
  "selectedSceneRelativePath" : "Scene.usda"
}