{
  "advancedEditorSelectedIdentifier" : "ProjectBrowser",
  "openSceneRelativePaths" : [
    "Scene.usda"
  ],
  "recentIdentifiers" : {
    "D66134B1-3681-4A8E-AFE5-29F257229F3B" : [

    ]
  },
  "sceneCameraHistory" : {
    "D66134B1-3681-4A8E-AFE5-29F257229F3B" : [
      {
        "date" : 763307853.751621,
        "title" : "Untitled",
        "transform" : [
          0.81510705,
          1.2185577e-08,
          -0.57931036,
          0,
          -0.33765826,
          0.8125708,
          -0.47509536,
          0,
          0.4707305,
          0.58286256,
          0.66233236,
          0,
          0.37516007,
          0.36832824,
          0.6444826,
          1
        ]
      },
      {
        "date" : 763307838.947527,
        "title" : "Untitled",
        "transform" : [
          0.953819,
          7.3768205e-09,
          -0.30038223,
          0,
          -0.09051669,
          0.9535173,
          -0.2874222,
          0,
          0.2864195,
          0.30133837,
          0.9094829,
          0,
          0.18431865,
          0.11793468,
          0.81018907,
          1
        ]
      },
      {
        "date" : 763307836.476552,
        "title" : "Untitled",
        "transform" : [
          0.953819,
          7.3768205e-09,
          -0.30038223,
          0,
          -0.09051669,
          0.9535173,
          -0.2874222,
          0,
          0.2864195,
          0.30133837,
          0.9094829,
          0,
          -0.2082434,
          0.022343306,
          0.15349421,
          1
        ]
      },
      {
        "date" : 763307829.086667,
        "title" : "Untitled",
        "transform" : [
          0.953819,
          7.3768205e-09,
          -0.30038223,
          0,
          -0.09051669,
          0.9535173,
          -0.2874222,
          0,
          0.2864195,
          0.30133837,
          0.9094829,
          0,
          0.23168488,
          0.12946843,
          0.8894241,
          1
        ]
      },
      {
        "date" : 763307819.713942,
        "title" : "Untitled",
        "transform" : [
          0.98057914,
          7.633718e-09,
          0.19612338,
          0,
          0.08782793,
          0.89412385,
          -0.43912277,
          0,
          -0.1753587,
          0.4478198,
          0.8767592,
          0,
          -0.055346668,
          0.37393907,
          0.5512136,
          1
        ]
      },
      {
        "date" : 763307812.55388,
        "title" : "Untitled",
        "transform" : [
          0.8238654,
          7.845436e-09,
          -0.5667854,
          0,
          -0.23855598,
          0.9071104,
          -0.3467591,
          0,
          0.51413685,
          0.4208929,
          0.7473369,
          0,
          0.45402598,
          0.35553208,
          0.64792836,
          1
        ]
      },
      {
        "date" : 763307808.002091,
        "title" : "Untitled",
        "transform" : [
          0.21343416,
          6.1168817e-09,
          -0.9769574,
          0,
          -0.3126286,
          0.94741684,
          -0.068299405,
          0,
          0.92558587,
          0.32000226,
          0.20221119,
          0,
          0.80748594,
          0.26760793,
          0.16942917,
          1
        ]
      },
      {
        "date" : 763307802.687685,
        "title" : "Untitled",
        "transform" : [
          0.9965497,
          6.492266e-09,
          -0.08299892,
          0,
          -0.020221388,
          0.9698672,
          -0.24279362,
          0,
          0.08049787,
          0.24363422,
          0.96652085,
          0,
          0.075835794,
          0.20161329,
          0.8283737,
          1
        ]
      },
      {
        "date" : 763307791.186073,
        "title" : "Untitled",
        "transform" : [
          0.8992504,
          6.2353163e-09,
          -0.4374344,
          0,
          -0.1587509,
          0.93182284,
          -0.32635018,
          0,
          0.4076113,
          0.3629136,
          0.837942,
          0,
          0.35475683,
          0.30377522,
          0.713696,
          1
        ]
      },
      {
        "date" : 763307738.703757,
        "title" : "Untitled",
        "transform" : [
          0.90084517,
          6.328345e-09,
          -0.43414047,
          0,
          -0.15884486,
          0.93066067,
          -0.32960442,
          0,
          0.40403745,
          0.36588353,
          0.83838123,
          0,
          0.52823615,
          0.47835442,
          1.0960962,
          1
        ]
      }
    ]
  },
  "sceneViewportBackgroundColors" : {

  },
  "selectedSceneRelativePath" : "Scene.usda"
}